Global Fit Parameters:
Mean: 90.7131
Width: 2.78082
RPC Fit Parameters:
Mean: 90.9171
Width: 2.66435
