Global Fit Parameters:
AlphaL: 1.19594
AlphaH: 1.40779
nL: 1.65259
nH: 1.92168
Mean: 90.8574
Sigma: 2.01486
Amplitude: 3174.3

RPC Fit Parameters:
AlphaL: 1.18105
AlphaH: 1.39229
nL: 1.70741
nH: 2.00316
Mean: 90.8706
Sigma: 1.87083
Amplitude: 1897.99

notRPC Fit Parameters:
AlphaL: 1.45875
AlphaH: 1.68304
nL: 1.18171
nH: 1.42534
Mean: 90.8216
Sigma: 2.70413
Amplitude: 192.045

