Global Fit Parameters:
AlphaL: 1.53237
AlphaH: 0.975185
nL: 0.331231
nH: 0.805541
Mean: 90.0889
Sigma: 1.19119
Amplitude: 13.6902

RPC Fit Parameters:
AlphaL: 1.80129
AlphaH: 1.1537
nL: 0.0946197
nH: 0.433143
Mean: 90.2559
Sigma: 1.10364
Amplitude: 8.94426

notRPC Fit Parameters:
AlphaL: 0.00515951
AlphaH: 0.0818446
nL: 0.00013757
nH: 0.0323326
Mean: 91.2475
Sigma: -0.00158707
Amplitude: 1.32127

